time;a;var_a;b;var_b;temp_a;var_temp_a;temp_b;var_temp_b;tmax;var_tmax;time_threshold;var_time_threshold;surviving_male_juvs;surviving_female_juvs;surviving_male_adults;surviving_female_adults;available_males;available_females;already_attempted_males;already_attempted_females;surviving_juv_sr;adult_sr;adult_surv_sr;nf;nm;mean_environment;var_environment;
0;0;0;0;0;0;0;0;0;0.02;-5.33294e-17;0;0;0;0;0;0;0.032;0.056;0.032;0.056;0;0.5;0;5;5;0;0;
40;0;0;0;0;0;0;0;0;0.02;-5.33294e-17;0;0;0.1;0.312;0;0;0.032;0.02;1.768;1.54;0.242718;0.5;0;5;5;-0.951057;-3.00631e-15;
80;0.000146082;3.23029e-06;-0.000384375;1.16819e-05;-0.000144633;1.78242e-06;0.000467494;8.84075e-05;0.021035;7.66208e-05;0;0;0.084;0.208;0;0;0.008;0.06;0.652;2.096;0.287671;0.246;0;7.54;2.46;-0.587785;-1.66984e-16;
120;-0.00050506;1.09329e-05;0.00011976;8.49063e-05;-0.00106715;7.58071e-05;0.00118093;5.92469e-05;0.0193978;2.91815e-05;0;0;0.124;0.212;0;0;0.028;0.04;0.516;1.3;0.369048;0.2968;0;7.032;2.968;0.587785;2.59375e-15;
160;0.00062544;2.92433e-05;0.000811041;5.23896e-05;0.000282322;1.71753e-05;0.000322922;0.000119624;0.0201379;1.67935e-06;0;0;0;0.056;0;0;0.036;0.04;0.4;0.528;0;0.4264;0;5.736;4.264;0.951057;-3.1282e-15;
200;0.0200728;0.000760234;-0.00229102;0.00010502;-0.00149443;4.5487e-05;0.00729391;0.000181786;0.02;-5.33294e-17;0;0;0;0;0;0;0.004;0.036;0;0;0;0.3096;0;6.904;3.096;-9.79717e-16;4.0317e-45;
240;0.0200728;0.000760234;-0.00229102;0.00010502;-0.00149443;4.5487e-05;0.00729391;0.000181786;0.02;-5.33294e-17;0;0;0.124;0.096;0;0;0.024;0.068;0.992;2.2;0.563636;0.3096;0;6.904;3.096;-0.951057;-1.99625e-15;
280;0.0329714;0.00143243;-0.000353984;5.89897e-06;-0.000724993;3.23254e-05;0.00221652;6.64967e-05;0.0197547;1.92001e-05;0;0;0.116;0.148;0;0;0.032;0.028;1.3;1.2;0.439394;0.5588;0;4.412;5.588;-0.587785;-2.58514e-16;
320;0.0451328;0.0019228;0;0;0.0004016;0.000326582;0.00632787;0.000163143;0.0195973;1.98473e-05;0;0;0.1;0.372;0;0;0.04;0.048;0.772;1.148;0.211864;0.4272;0;5.728;4.272;0.587785;-1.18101e-15;
360;0.0574555;0.00153209;-0.00126213;0.000116394;0.00622463;0.00065384;0.00356816;0.000130089;0.0207897;4.01442e-05;0;0;0.112;0.072;0;0;0.028;0.072;0.292;0.768;0.608696;0.2988;0;7.012;2.988;0.951057;-3.1282e-15;
400;0.0599835;0.00161293;0.000282425;7.61629e-07;-0.00133841;0.000107436;0;0;0.0208004;3.84232e-05;0;0;0;0;0;0;0.032;0.012;0;0;0;0.4416;0;5.584;4.416;-1.95943e-15;1.61268e-44;
440;0.0599835;0.00161293;0.000282425;7.61629e-07;-0.00133841;0.000107436;0;0;0.0208004;3.84232e-05;0;0;0.068;0.132;0;0;0.004;0.02;1.384;1.856;0.34;0.4416;0;5.584;4.416;-0.951057;-3.21749e-15;
480;0.0727047;0.00119296;0;0;0;0;-0.00144253;9.08156e-05;0.0278635;0.000747685;0;0;0.104;0.3;0;0;0.024;0.032;0.888;2.104;0.257426;0.3312;0;6.688;3.312;-0.587785;2.39456e-15;
520;0.0719013;0.00095178;-0.000269419;5.0123e-05;-0.000270439;8.61506e-05;0.000289539;6.46625e-06;0.019376;1.20906e-05;0;0;0.004;0.184;0;0;0.008;0.056;0.352;1.344;0.0212766;0.2568;0;7.432;2.568;0.587785;1.99668e-15;
560;0.0765518;0.00100636;0;0;-0.00185375;7.15543e-05;0.00375801;0.00020586;0.0209017;3.54874e-05;0;0;0;0;0;0;0;0.064;0.02;0.92;0;0.0244;0;9.756;0.244;0.951057;-3.23923e-15;
600;0.0953962;8.44582e-16;0.00461301;0.000221641;0;0;0;0;0.02;-5.33294e-17;0;0;0;0.048;0;0;0;0.096;0.088;3.904;0;0;0;10;0;-2.93915e-15;3.98969e-44;


seed;3031658237
type;sigmoidal
npatches;250
n;10
df;0.5
dm;0.5
sf;0
sm;0
toptf;0.8
toptm;0.5
omegaf;0.01
omegam;0.01
ab_min;-10
ab_max;10
amplitude;1
intercept;0
intercept_change;0.6
simulation_time_change;999000
interval_before_after_change;2000
skip_output;40
init_t;0
max_t_season;50
init_a;0
init_b;0
mu_a;0.02
mu_b;0.02
mu_t;0.02
mu_tb;0.02
mu_time_threshold;0
mu_tmax;0.05
sdmu;0.05
temp_error_sd;0
cue_error;0
