time;a;var_a;b;var_b;temp_a;var_temp_a;temp_b;var_temp_b;tmax;var_tmax;time_threshold;var_time_threshold;surviving_male_juvs;surviving_female_juvs;surviving_male_adults;surviving_female_adults;available_males;available_females;already_attempted_males;already_attempted_females;surviving_juv_sr;adult_sr;adult_surv_sr;nf;nm;mean_environment;var_environment;
0;0;0;0;0;0;0;0;0;0.02;-5.33294e-17;5;0;0;0;0;0;0;0;0;0;0;0.5;0;5;5;0;0;
40;0;0;0;0;0;0;0;0;0.02;-5.33294e-17;5;0;0.04;0.148;0;0;0.036;0.004;1.464;1.556;0.212766;0.5;0;5;5;-0.951057;-3.00631e-15;
80;0;0;0.000217665;6.85483e-05;0;0;0;0;0.0197855;9.95482e-06;5.006;0.086764;0.028;0.072;0;0;0.016;0.044;0.476;1.776;0.28;0.2156;0;7.844;2.156;-0.587785;-1.66984e-16;
120;0;0;0;0;0;0;0;0;0.020041;1.1969e-05;5.1604;0.389072;0.136;0.104;0;0;0.024;0.052;0.436;1.06;0.566667;0.28;0;7.2;2.8;0.587785;2.59375e-15;
160;0.000578683;1.91346e-05;0;0;-0.000929118;5.11104e-05;0;0;0.0209342;1.86665e-05;5.0288;0.315171;0.024;0.148;0;0;0.056;0.044;0.332;0.252;0.139535;0.5648;0;4.352;5.648;0.951057;-3.1282e-15;
200;-0.000449006;1.27219e-05;0.00067294;3.18935e-05;0.000318681;6.38494e-06;0;0;0.0219936;0.000159497;5.0008;0.188799;0;0;0;0;0;0;0;0;0;0.0776;0;9.224;0.776;-9.79717e-16;4.0317e-45;
240;-0.000449006;1.27219e-05;0.00067294;3.18935e-05;0.000318681;6.38494e-06;0;0;0.0219936;0.000159497;5.0008;0.188799;0.044;0.056;0;0;0;0.068;0.328;2.784;0.44;0.0776;0;9.224;0.776;-0.951057;-1.99625e-15;
280;-0.00200085;0.000402529;0;0;0;0;0;0;0.019216;1.50653e-05;4.8232;0.387942;0.032;0.272;0;0;0.02;0.048;0.976;1.22;0.105263;0.4256;0;5.744;4.256;-0.587785;-2.58514e-16;
320;0.0023153;0.000207298;0.000555417;1.76268e-05;-0.00189797;0.000283358;0;0;0.019329;1.60289e-05;4.5744;0.296465;0.016;0.16;0;0;0.004;0.072;0.112;1.316;0.0909091;0.0952;0;9.048;0.952;0.587785;-1.18101e-15;
360;0.00841329;0.000391049;0;0;0.000619811;1.3768e-05;0;0;0.0195029;1.58602e-05;4.404;0.443984;0;0;0;0;0.016;0.104;0.072;0.616;0;0.0904;0;9.096;0.904;0.951057;-3.1282e-15;
400;0.0215541;0.000808656;0.000593511;1.73502e-05;0;0;0;0;0.017536;4.32087e-05;5.4284;0.457673;0;0.068;0;0;0;0;0.348;3.268;0;0;0;10;0;-1.95943e-15;1.61268e-44;


seed;3120375920
type;sigmoidal
npatches;250
n;10
df;0.5
dm;0.5
sf;0
sm;0
toptf;0.8
toptm;0.5
omegaf;0.01
omegam;0.01
ab_min;-10
ab_max;10
amplitude;1
intercept;0
intercept_change;0.6
simulation_time_change;999000
interval_before_after_change;2000
skip_output;40
init_t;0
max_t_season;50
init_a;0
init_b;0
mu_a;0.02
mu_b;0.02
mu_t;0.02
mu_tb;0
mu_time_threshold;0.1
mu_tmax;0.05
sdmu;0.05
temp_error_sd;0
cue_error;0
